## Selected polynyas

selection <- c(9, 10, 11, 12, 13, 14, 16, 17, 21) # rm 15, 19
